   Tempo(s)    Sensor1    Sensor2    Sensor3    Sensor4    Sensor5    Sensor6    Sensor7    Sensor8    Sensor9  
   000000       000        000        000        000        000        000        000        000        000 
   000002       200        200        000        200        200        200        200        200        200 
   000004       200        200        000        200        200        200        200        200        200 
   000006       200        217        000        208        206        200        201        201        200 
   000008       200        214        000        211        208        200        203        201        200 
   Tempo(s)    Sensor1    Sensor2    Sensor3    Sensor4    Sensor5    Sensor6    Sensor7    Sensor8    Sensor9  
   000000       000        000        000        000        000        000        000        000        000 
   000002       200        219        201        000        206        200        203        201        201 
   000004       200        214        201        000        208        200        203        201        200 
   000006       200        219        201        000        206        200        203        201        201 
   000008       200        214        201        000        208        200        203        201        200 
   Tempo(s)    Sensor1    Sensor2    Sensor3    Sensor4    Sensor5    Sensor6    Sensor7    Sensor8    Sensor9  
   000000       000        000        000        000        000        000        000        000        000 
   000002       200        217        200        208        000        200        204        201        201 
   000004       200        216        201        208        000        201        204        201        200 
   000006       200        217        201        209        000        200        204        201        201 
   000008       200        217        201        209        000        200        204        201        201 
   Tempo(s)    Sensor1    Sensor2    Sensor3    Sensor4    Sensor5    Sensor6    Sensor7    Sensor8    Sensor9  
   000000       000        000        000        000        000        000        000        000        000 
   000002       200        216        201        208        209        000        204        201        200 
   000004       200        217        201        211        208        000        204        201        200 
   000006       200        216        201        208        208        000        204        201        201 
   000008       200        214        201        211        208        000        203        201        200 
   Tempo(s)    Sensor1    Sensor2    Sensor3    Sensor4    Sensor5    Sensor6    Sensor7    Sensor8    Sensor9  
   000000       000        000        000        000        000        000        000        000        000 
   000002       200        216        201        211        208        201        000        201        200 
   000004       200        220        201        209        208        200        000        201        201 
